x <- c(1,1,1,1,1,1)
y <- 1:10

x[1]
y[3:5]
y[c(1:2, 4:9, 1:5)]

c(x, y, 1:4)

1:4 + 6:9
1:4 - 6:9
1:4 * 6:9
1:4 / 6:9
1:4 %/% 6:9
(1:4) ** (6:9)
1:4 %% 6:9
